-14.8  -0.0171974
-14.6  -0.00711838
-14.4  -0.00240467
-14.2  -0.0075783
-14  0.00744427
-13.8  -0.00271125
-13.6  0.00234736
-13.4  -0.00639023
-13.2  -0.022141
-13  -0.0125601
-12.8  -0.00259629
-12.6  -0.00232802
-12.4  -0.00221307
-12.2  0.00250065
-12  -0.00290288
-11.8  0.00280723
-11.6  0.0108167
-11.4  -0.0221024
-11.2  -0.00129332
-11  0.00238567
-10.8  0.00219406
-10.6  -0.00761656
-10.4  -0.00658186
-10.2  0.00798079
-10  0.0114682
-9.8  -0.00282623
-9.6  0.00292218
-9.4  0.00284554
-9.2  0.00690775
-9  -0.0132501
-8.8  -0.0171206
-8.6  0.0032671
-8.4  0.00755925
-8.2  0.0122729
-8  0.00227071
-7.8  -0.00232802
-7.6  0.002424
-7.4  0.00713769
-7.2  0.0118897
-7  0.0093221
-6.8  -0.00635192
-6.6  0.000239591
-6.4  0.0121963
-6.2  -0.00378429
-6  -0.0119855
-5.8  -0.00761656
-5.6  -0.0122921
-5.4  0.00805743
-5.2  -0.00286454
-5  -0.0125219
-4.8  -0.0220259
-4.6  -0.0271228
-4.4  -0.0172739
-4.2  0.0123496
-4  -0.00240467
-3.8  0.00771254
-3.6  -0.00704173
-3.4  -0.00734824
-3.2  -0.0122153
-3  -0.00251965
-2.8  0.00257729
-2.6  -0.00780811
-2.4  -0.0032861
-2.2  0.00840235
-2  -0.0267779
-1.8  -0.00290288
-1.6  0.00257729
-1.4  0.00234736
-1.2  0.00713769
-1  -0.0349024
-0.8  -0.133737
-0.6  -0.336349
-0.4  -0.57832
-0.2  -0.825232
-1.06811e-08  -0.905098
0.2  -0.80358
0.4  -0.562645
0.6  -0.242804
0.8  -0.0409575
1  0.0314727
1.2  0.00648621
1.4  -0.0276594
1.6  -0.0516879
1.8  -0.0762909
2  -0.085795
2.2  -0.0905853
2.4  -0.0705042
2.6  -0.0601571
2.8  -0.0223325
3  0.019516
3.2  0.0421648
3.4  0.0460736
3.6  0.0156454
3.8  -0.0282726
4  -0.0163542
4.2  -0.00240467
4.4  -0.00225138
4.6  0.002424
4.8  -0.00727167
5  -0.00738675
5.2  -0.00723333
5.4  -0.012177
5.6  -0.00278789
5.8  -0.00182981
6  -0.00727167
6.2  -0.00278789
6.4  -0.0017915
6.6  -0.00301783
6.8  0.00721433
7  -0.00228971
7.2  -0.0221024
7.4  -0.00317112
7.6  0.00246231
7.8  0.00246231
8  -0.00274958
8.2  -0.00730998
8.4  -0.00623694
8.6  -0.0318365
8.8  -0.0081532
9  0.00752092
9.2  0.00709938
9.4  -0.0026346
9.6  -0.00730998
9.8  0.00250065
10  0.0172166
10.2  0.0171399
10.4  -0.00274958
10.6  0.00303717
10.8  -0.00248131
11  -0.0122153
11.2  -0.002443
11.4  -0.012062
11.6  -0.0121003
11.8  -0.0220259
12  -0.00719502
12.2  0.0076359
12.4  0.00721433
12.6  0.00840235
12.8  0.0221219
13  0.00269225
13.2  -0.00727167
13.4  -0.00228971
13.6  0.0220453
13.8  0.01097
14  0.0125412
14.2  0.0172166
14.4  0.0122729
14.6  0.0173699
14.8  0.0171783
15  0.0166801
