-1.587100408393E1  5.610128739325E-5
-1.496972257429E1  1.613797277578E-4
-1.406844106464E1  1.592006138564E-4
-1.339247993240E1  2.650238326964E-4
-1.260385861146E1  1.556595537665E-4
-1.187156738488E1  1.538890237215E-4
-1.102661596958E1  4.438855017286E-5
-1.023799464864E1  4.248182550909E-5
-9.393043233347E0  4.043890622646E-5
-8.660752006760E0  -6.878917808456E-5
-7.928460780172E0  1.443554004026E-4
-7.252499647937E0  -7.219404355560E-5
-6.689198704408E0  -7.183013153404E-4
-6.013237572173E0  -1.364680976363E-3
-5.506266722997E0  -2.118109607795E-3
-4.942965779468E0  -3.408962205176E-3
-4.604985213350E0  -4.806727578348E-3
-4.435994930292E0  -6.096626813397E-3
-4.210674552880E0  -7.494119797332E-3
-4.041684269821E0  -8.891476586647E-3
-3.929024081115E0  -1.071852739841E-2
-3.760033798057E0  -1.233079929626E-2
-3.647373609351E0  -1.362056233669E-2
-3.478383326292E0  -1.501791912600E-2
-3.478383326292E0  -1.619995222293E-2
-3.422053231939E0  -1.824178194860E-2
-3.309393043233E0  -1.985391765183E-2
-3.253062948880E0  -2.168083226897E-2
-3.196732854528E0  -2.372266199465E-2
-3.027742571469E0  -2.565730655529E-2
-2.915082382763E0  -2.705452714999E-2
-2.858752288410E0  -2.984855975553E-2
-2.633431910998E0  -3.457723692171E-2
-2.577101816646E0  -3.930550550403E-2
-2.351781439234E0  -4.263723446476E-2
-2.239121250528E0  -4.801038456730E-2
-2.126461061822E0  -5.521031309236E-2
-1.901140684411E0  -6.262542911520E-2
-1.732150401352E0  -7.036278160621E-2
-1.506830023940E0  -8.304331778808E-2
-1.450499929587E0  -7.659600072673E-2
-1.112519363470E0  -8.873952152651E-2
-9.998591747641E-1  -9.357538385772E-2
-6.618786086467E-1  -9.744467297901E-2
-4.365582312350E-1  -1.008838594940E-1
-1.549077594705E-1  -1.037858944323E-1
4.083931840586E-1  -1.043245441498E-1
5.210533727644E-1  -1.029278683336E-1
8.027038445289E-1  -1.006719406671E-1
9.716941275877E-1  -9.906048593695E-2
1.140684410646E0  -9.691174343549E-2
1.309674693705E0  -9.465554337976E-2
1.422334882411E0  -9.250666468367E-2
1.647655259823E0  -9.035805837683E-2
1.985635825940E0  -8.799480935069E-2
2.154626108999E0  -8.595352440349E-2
2.267286297705E0  -8.358973059887E-2
2.886917335587E0  -8.047495966596E-2
3.281227996057E0  -7.789693172591E-2
3.619208562174E0  -7.553368269977E-2
3.788198845233E0  -7.327748264404E-2
4.069849316998E0  -6.973206432635E-2
4.520490071821E0  -6.607959703826E-2
5.309111392762E0  -6.242794691787E-2
6.041402619349E0  -5.856124549434E-2
6.492043374173E0  -5.523115086904E-2
7.280664695113E0  -5.114967053160E-2
7.900295732995E0  -4.803489959869E-2
8.632586959583E0  -4.449057083795E-2
9.702858752288E0  -3.965756859374E-2
1.071680045064E1  -3.622137836036E-2
1.206872271511E1  -3.181888730631E-2
1.325165469652E1  -2.752344522266E-2
1.472806725296E1  -2.390229191333E-2
1.529215164704E1  -2.268403898020E-2
1.638271480892E1  -2.046266868069E-2
1.736046109199E1  -1.881496291830E-2
1.803736236488E1  -1.766872491640E-2
1.841341862759E1  -1.752614981704E-2
1.942877053693E1  -1.616550362994E-2
2.040651682000E1  -1.516347733590E-2
2.112102371916E1  -1.373036160409E-2
2.130905185052E1  -1.294165242292E-2
2.191074187087E1  -1.258439637028E-2
2.221158688104E1  -1.129376481514E-2
2.273806564885E1  -1.000367879616E-2
2.326454441665E1  -8.785334940338E-3
2.379102318446E1  -7.351764595064E-3
2.439271320480E1  -6.061860421478E-3
2.469355821498E1  -4.627744540040E-3
2.537045948787E1  -3.266280048693E-3
2.600975513449E1  -2.048208960950E-3
2.634820577094E1  -1.403347796851E-3
2.653623390229E1  -7.581229419759E-4
2.755158581163E1  5.307810819754E-4
2.796524770062E1  9.602339112376E-4
2.864214897351E1  1.317308118492E-3
2.920623336759E1  1.172459951782E-3
2.999595151930E1  1.027066248907E-3
3.063524716592E1  -1.223540472850E-4
3.172581032780E1  -8.424124369086E-4
3.228989472187E1  -1.489455745666E-3
3.285397911595E1  -1.849530401824E-3
3.349327476257E1  -2.998950698016E-3
3.443341541936E1  -3.790387560013E-3
3.522313357107E1  -3.648812610290E-3
3.627609110668E1  -3.794842772023E-3
3.714102051093E1  -3.796933993987E-3
3.808116116773E1  -3.655722735040E-3
3.935975246097E1  -3.658814106638E-3
4.063834375420E1  -3.661905478237E-3
4.176651254236E1  -3.664633159060E-3
4.285707570424E1  -3.523785590889E-3
4.413566699748E1  -3.526876962488E-3
4.541425829072E1  -3.529968334086E-3
4.650482145260E1  -3.173894276467E-3
4.763299024075E1  -3.104879794140E-3
4.879876465518E1  -2.892471908208E-3
4.981411656451E1  -2.894926820948E-3
5.056622908995E1  -2.896745274830E-3
5.207045414082E1  -2.900382182593E-3
5.312341167643E1  -3.189896670625E-3
5.406355233322E1  -3.479138390575E-3
5.507890424256E1  -3.983788445362E-3
5.601904489935E1  -4.344772328462E-3
5.714721368751E1  -4.706210825032E-3
5.816256559685E1  -4.349954922025E-3
5.906510062737E1  -3.849941924636E-3
5.981721315280E1  -3.062596583873E-3
6.045650879942E1  -2.705431453924E-3
6.113341007231E1  -1.774419941474E-3
6.203594510284E1  -5.569853125899E-4
6.260002949691E1  8.733031534458E-5
6.357777577998E1  1.161098772541E-3
6.451791643677E1  2.019731662984E-3
6.523242333594E1  3.165878742189E-3
6.590932460883E1  3.522952949443E-3
6.613495836646E1  4.311571207923E-3
6.696228214444E1  4.740023887550E-3
6.790242280123E1  5.168203799096E-3
6.914340846820E1  5.523914165939E-3
7.015876037754E1  5.664943579497E-3
7.109890103433E1  5.519186185846E-3
7.203904169112E1  5.445170955345E-3
7.324242173182E1  5.298777102835E-3
7.433298489370E1  5.080913855258E-3
7.531073117677E1  4.719839049464E-3
7.598763244966E1  4.359491625223E-3
7.681495622764E1  4.285749162804E-3
7.775509688443E1  4.068249606004E-3
7.869523754123E1  3.707265722904E-3
7.974819507684E1  3.274266908572E-3
8.050030760227E1  2.913737638943E-3
8.144044825907E1  2.839722408442E-3
8.192932140060E1  2.336345271372E-3
8.219256078450E1  2.407450975663E-3
8.286946205739E1  2.262330040870E-3
8.343354645147E1  2.189224037310E-3
8.411044772436E1  2.115845265667E-3
8.474974337098E1  2.114299579867E-3
8.557706714896E1  2.184041443747E-3
8.632917967439E1  1.966996500417E-3
8.700608094729E1  1.965359891923E-3
8.794622160408E1  1.819602498272E-3
8.899917913969E1  1.745314499689E-3
8.993931979648E1  1.527814942888E-3
9.106748858464E1  9.511499568693E-4
9.170678423126E1  4.474091290233E-4
9.234607987788E1  3.023791169249E-4
9.339903741349E1  1.563489551916E-4
9.456481182791E1  1.535303516751E-4
9.542974123216E1  1.514391297112E-4
9.652030439404E1  7.706020843337E-5
9.742283942456E1  -1.403484256732E-4
9.862621946526E1  -2.867422781828E-4
9.964157137460E1  -4.326815172220E-4
1.009201626678E2  -4.357728888208E-4
1.017850920721E2  -3.661219476351E-4
1.030260777391E2  -2.973802333902E-4
1.041918521535E2  -2.284566737572E-4
1.050943871840E2  -2.306388184152E-4
1.059217109620E2  -1.608969545354E-4
1.070498797501E2  -3.071089616569E-4
1.081404429120E2  -2.380035566357E-4
1.088925554375E2  -3.833063368164E-4
1.103215692358E2  -3.150192360419E-4
1.115625549027E2  -3.180196849465E-4
1.126155124384E2  -3.205655203808E-4
1.141197374892E2  -2.524602649945E-4
1.149094556409E2  -2.543696415702E-4
