-14.8  0.000228469
-14.6  0.000228469
-14.4  0.000682649
-14.2  0.000235511
-14  -0.000701015
-13.8  0.000647439
-13.6  0.000263677
-13.4  0.000175658
-13.2  0.00059815
-13  0.00112979
-12.8  0.000485486
-12.6  -0.000789033
-12.4  0.000291843
-12.2  -0.000975632
-12  -0.000113045
-11.8  0.00116147
-11.6  -0.000194022
-11.4  0.000679129
-11.2  -0.000222189
-11  0.0011157
-10.8  -0.000172898
-10.6  -0.000753823
-10.4  -8.13581e-05
-10.2  -0.00198609
-10  -0.000310208
-9.8  0.000710815
-9.6  -0.000521454
-9.4  -0.00160585
-9.2  0.000235511
-9  0.00113683
-8.8  0.000235511
-8.6  0.00114739
-8.4  0.000246074
-8.2  -0.00112351
-8  -0.00152487
-7.8  0.000714334
-7.6  -0.000648201
-7.4  -0.000679888
-7.2  0.000714334
-7  4.89104e-05
-6.8  -0.00112703
-6.6  -0.000665805
-6.4  -0.00112351
-6.2  -0.000197543
-6  0.000703771
-5.8  -0.000348936
-5.6  -0.00248604
-5.4  -0.00109886
-5.2  -0.00161641
-5  -0.00299655
-4.8  -0.00469356
-4.6  -0.00291909
-4.4  -0.00536251
-4.2  -0.00701021
-4  -0.00788336
-3.8  -0.00876002
-3.6  -0.0130976
-3.4  -0.0165691
-3.2  -0.0200863
-3  -0.0268075
-2.8  -0.0302226
-2.6  -0.0375317
-2.4  -0.046221
-2.2  -0.05334
-2  -0.0628705
-1.8  -0.0705777
-1.6  -0.0778937
-1.4  -0.086298
-1.2  -0.0950187
-1  -0.102254
-0.8  -0.105373
-0.6  -0.110274
-0.4  -0.113721
-0.2  -0.115601
0  -0.118527
0.2  -0.118016
0.4  -0.117499
0.6  -0.116059
0.8  -0.113686
1  -0.110584
1.2  -0.107169
1.4  -0.104127
1.6  -0.100494
1.8  -0.0975324
2  -0.0949096
2.2  -0.090586
2.4  -0.087407
2.6  -0.0850938
2.8  -0.0838649
3  -0.0792632
3.2  -0.0760243
3.4  -0.0742992
3.6  -0.070757
3.8  -0.0688701
4  -0.0656732
4.2  -0.0642369
4.4  -0.0629408
4.6  -0.0602373
4.8  -0.0592373
5  -0.0588673
5.2  -0.0545122
5.4  -0.0520444
5.6  -0.0519984
5.8  -0.050189
6  -0.0472985
6.2  -0.0443514
6.4  -0.0447176
6.6  -0.0416052
6.8  -0.041556
7  -0.0388802
7.2  -0.0384401
7.4  -0.0360776
7.6  -0.0338103
7.8  -0.0317049
8  -0.0318422
8.2  -0.0316837
8.4  -0.0303529
8.6  -0.0288354
8.8  -0.0262477
9  -0.0263216
9.2  -0.0239486
9.4  -0.0227586
9.6  -0.0235965
9.8  -0.0212658
10  -0.0199842
10.2  -0.0191428
10.4  -0.0191463
10.6  -0.0186288
10.8  -0.0168648
11  -0.0182238
11.2  -0.0172627
11.4  -0.0150587
11.6  -0.0155481
11.8  -0.0146467
12  -0.0155445
12.2  -0.0142242
12.4  -0.0142912
12.6  -0.0115943
12.8  -0.0131047
13  -0.013587
13.2  -0.0120097
13.4  -0.0125695
13.6  -0.0130871
13.8  -0.0113478
14  -0.0110626
14.2  -0.0106014
14.4  -0.0109993
14.6  -0.0099571
14.8  -0.00835867
15  -0.00841148
15.2  -0.0077848
15.4  -0.00973881
15.6  -0.00657717
15.8  -0.00686586
16  -0.0074327
16.2  -0.00698204
16.4  -0.00832699
16.6  -0.00696447
16.8  -0.00696798
17  -0.00519352
17.2  -0.00700318
17.4  -0.00549983
17.6  -0.00622507
17.8  -0.007056
18  -0.00681305
18.2  -0.00574273
18.4  -0.00750314
18.6  -0.0063659
18.8  -0.00593638
19  -0.00529559
19.2  -0.00654901
19.4  -0.00547518
19.6  -0.00574625
19.8  -0.00605256
20  -0.00552092
20.2  -0.00509843
20.4  -0.00547518
20.6  -0.00528153
20.8  -0.00393659
21  -0.00584134
21.2  -0.00466891
21.4  -0.00389787
21.6  -0.00411967
21.8  -0.00343665
22  -0.00433796
22.2  -0.00374295
22.4  -0.00385209
22.6  -0.00445767
22.8  -0.00436261
23  -0.00231
23.2  -0.00365846
23.4  -0.00359508
23.6  -0.00149319
23.8  -0.00270433
24  -0.00320427
24.2  -0.00203538
24.4  -0.00347185
24.6  -0.00331694
24.8  -0.00290853
25  -0.00291909
25.2  -0.00291909
25.4  -0.00291909
25.6  -0.00294726
25.8  -0.0024614
26  -0.00292261
26.2  -0.00240154
26.4  -0.00402109
26.6  -0.00420769
26.8  -0.00186286
27  -0.00110238
27.2  -0.00150022
27.4  -0.00338383
27.6  -0.00165162
27.8  -0.00328173
28  -0.00311274
28.2  -0.00204946
28.4  -0.00199313
28.6  -0.00245083
28.8  -0.00290853
29  -0.00341552
29.2  -0.00248604
29.4  -0.00292966
29.6  -0.00202482
29.8  -0.00288741
30  -0.00287332
30.2  -0.00382745
30.4  -0.00246844
30.6  -0.00201778
30.8  -0.00200369
31  -0.00109886
31.2  -0.00155656
31.4  -0.00292261
31.6  -0.00246844
31.8  -0.00292966
32  -0.00247196
32.2  -0.00246844
32.4  -0.00245787
32.6  -0.00255645
32.8  -0.00284164
33  -0.00111294
33.2  -0.00250365
33.4  -0.00246492
33.6  -0.00197201
33.8  -0.0011059
34  -0.00109534
34.2  -0.000211626
34.4  -0.000690451
34.6  -0.00113759
34.8  -0.00154952
35  -0.000651722
35.2  -0.00117631
35.4  -0.0015636
35.6  -0.00111646
35.8  -0.00156712
36  -0.00159881
36.2  -0.00247548
36.4  -0.00201778
36.6  -0.00247548
36.8  -0.00112351
37  -0.00245083
37.2  -0.00250365
37.4  -0.00201074
37.6  -0.0020213
37.8  -0.0015636
38  -0.00111294
38.2  -0.00155656
38.4  -0.00155304
38.6  -0.00160937
38.8  -0.000246834
39  -0.00107069
39.2  -0.00109886
39.4  -0.00228536
39.6  -0.00256702
39.8  -0.00201778
40  -0.00267968
40.2  -0.00325357
40.4  -0.000901697
40.6  -0.0016833
40.8  -0.00147206
41  -0.000151773
41.2  -0.00101788
41.4  -0.000718617
41.6  -0.00109182
41.8  -0.000943946
42  -0.00280643
42.2  -0.00215509
42.4  -0.00201778
42.6  -0.00156008
42.8  -0.0020389
43  -0.00073974
43.2  -0.00104253
43.4  -0.00152839
43.6  -0.00201426
43.8  -0.00200369
44  -0.00205651
44.2  -0.000225709
44.4  -0.00160585
44.6  -0.00201778
44.8  -0.00248956
