-15  -0.000391762
-14.8  -0.000945533
-14.6  -0.00175735
-14.4  -0.00128464
-14.2  -0.000528569
-14  -0.000357555
-13.8  0.00032682
-13.6  0.000870588
-13.4  0.00104633
-13.2  -0.00169791
-13  -0.000387031
-12.8  0.00141077
-12.6  -0.000958203
-12.4  -0.00118119
-12.2  -0.000443879
-12  0.000666325
-11.8  -0.000288132
-11.6  0.000291625
-11.4  -0.00118381
-11.2  -0.000975336
-11  -0.00149784
-10.8  -0.000809286
-10.6  -0.00310121
-10.4  -0.00192323
-10.2  -0.000337968
-10  0.00049636
-9.8  -0.00211439
-9.6  -0.00124738
-9.4  0.00208173
-9.2  -0.000873872
-9  -0.000329822
-8.8  -0.00112835
-8.6  0.000348669
-8.4  0.000122819
-8.2  0.00147939
-8  0.00138853
-7.8  -0.000846908
-7.6  -0.000890633
-7.4  0.00129438
-7.2  -0.00122889
-7  -0.000652323
-6.8  -3.44365e-05
-6.6  -0.00199555
-6.4  -0.000900577
-6.2  0.000234542
-6  -0.000409515
-5.8  0.000310965
-5.6  0.000114031
-5.4  0.00187368
-5.2  0.00264574
-5  0.0017787
-4.8  0.00119523
-4.6  -0.000657912
-4.4  -0.00211037
-4.2  -0.00157031
-4  0.000116777
-3.8  -1.44414e-06
-3.6  0.00019949
-3.4  -0.000968345
-3.2  -0.00216182
-3  0.000167035
-2.8  -0.00381579
-2.6  -0.00618752
-2.4  -0.0126157
-2.2  -0.0178044
-2  -0.0250707
-1.8  -0.0389886
-1.6  -0.0554475
-1.4  -0.0776529
-1.2  -0.098905
-1  -0.122127
-0.8  -0.142689
-0.6  -0.157917
-0.4  -0.166749
-0.2  -0.167834
9.32675e-09  -0.168211
0.2  -0.164299
0.4  -0.160261
0.6  -0.153354
0.8  -0.146384
1  -0.14129
1.2  -0.138604
1.4  -0.133839
1.6  -0.126249
1.8  -0.116164
2  -0.108871
2.2  -0.102081
2.4  -0.0962899
2.6  -0.0922156
2.8  -0.0828752
3  -0.0749866
3.2  -0.06703
3.4  -0.0601373
3.6  -0.0510661
3.8  -0.0467606
4  -0.0420108
4.2  -0.0404031
4.4  -0.0397801
4.6  -0.0406667
4.8  -0.0391576
5  -0.0339023
5.2  -0.0341625
5.4  -0.0298099
5.6  -0.024221
5.8  -0.0222405
6  -0.0213065
6.2  -0.0212619
6.4  -0.0224979
6.6  -0.0230831
6.8  -0.0213227
7  -0.0219372
7.2  -0.0203759
7.4  -0.0192425
7.6  -0.0160917
7.8  -0.0165096
8  -0.0164908
8.2  -0.0150537
8.4  -0.0127206
8.6  -0.0140218
8.8  -0.0124555
9  -0.0129703
9.2  -0.0133975
9.4  -0.0153436
9.6  -0.016085
9.8  -0.014355
10  -0.013167
10.2  -0.013566
10.4  -0.0106822
10.6  -0.00953043
10.8  -0.00698888
11  -0.00946872
11.2  -0.0115626
11.4  -0.0130403
11.6  -0.0103733
11.8  -0.0103996
12  -0.00817834
12.2  -0.00842933
12.4  -0.00923172
12.6  -0.00777906
12.8  -0.00645379
13  -0.00962102
13.2  -0.00922478
13.4  -0.0101394
13.6  -0.00794624
13.8  -0.00507362
14  -0.00837297
14.2  -0.00693596
14.4  -0.0069567
14.6  -0.00885723
14.8  -0.0073032
15  -0.00555762
15.2  -0.00475183
15.4  -0.00464562
15.6  -0.00650907
15.8  -0.00425516
16  -0.00449328
16.2  -0.00559528
16.4  -0.00968258
16.6  -0.00792539
16.8  -0.00671827
17  -0.00708846
17.2  -0.00787846
17.4  -0.0065424
17.6  -0.00599962
17.8  -0.00772383
18  -0.0057787
18.2  -0.00455821
18.4  -0.00490155
18.6  -0.00547591
18.8  -0.0070926
19  -0.00625188
19.2  -0.00611207
19.4  -0.00519041
19.6  -0.00571899
19.8  -0.00730014
20  -0.00721757
20.2  -0.00312691
20.4  -0.00655265
20.6  -0.00595602
20.8  -0.00622138
21  -0.00611801
21.2  -0.00484869
21.4  -0.00274924
21.6  -0.00411172
21.8  -0.00420894
22  -0.00414153
22.2  -0.00409608
22.4  -0.00390068
22.6  -0.00332437
22.8  -0.00268379
23  -0.00631104
23.2  -0.00387346
23.4  -0.00580396
23.6  -0.00304007
23.8  -0.00228609
24  -0.00187832
24.2  -0.00443114
24.4  -0.00282232
24.6  -0.00310346
24.8  -0.00537558
25  -0.00587346
25.2  -0.00438295
25.4  -0.00606095
25.6  -0.00645648
25.8  -0.00492169
26  -0.00747164
26.2  -0.00495071
26.4  -0.00363671
26.6  -0.00362021
26.8  -0.00190822
27  -0.00232687
27.2  -0.00477312
27.4  -0.00581735
27.6  -0.00445899
27.8  -0.0041755
28  -0.00481837
28.2  -0.00545592
28.4  -0.00505149
28.6  -0.00247087
28.8  -0.00093262
29  -0.00327132
29.2  -0.00355003
29.4  -0.00580246
29.6  -0.00540703
29.8  -0.00320896
30  -0.00242317
30.2  -0.00205834
30.4  -0.00188142
30.6  -0.00300528
30.8  -0.00305833
31  -0.00240536
31.2  -0.00372534
31.4  -0.00562154
31.6  -0.00562731
31.8  -0.0033589
32  -0.00430609
32.2  -0.00449749
32.4  -0.00271478
32.6  -0.00309351
32.8  -0.00584855
33  -0.00417531
33.2  -0.00375804
33.4  -0.000574797
33.6  -0.00264238
33.8  -0.00374163
34  -0.00353065
34.2  -0.00346673
34.4  -0.00533758
34.6  -0.00172465
34.8  -0.0024667
35  -0.00379837
35.2  -0.0035691
35.4  -0.00367099
35.6  -0.00420554
35.8  -0.00467592
36  -0.00305208
36.2  -0.00487041
36.4  -0.00153876
36.6  -0.00245619
36.8  -0.00474469
37  -0.00515305
37.2  -0.00213111
37.4  -0.000448789
37.6  -0.000154291
37.8  -0.00276431
38  0.000121427
38.2  0.000216666
38.4  -0.0012046
38.6  -0.00162281
38.8  -0.00180535
39  -0.0013403
39.2  -0.00106378
39.4  -0.00222044
39.6  -0.00134582
39.8  -0.000624007
40  -0.000713272
40.2  -0.000593189
40.4  -0.00227187
40.6  -0.000605727
40.8  -0.00244756
41  -0.00129824
41.2  -0.000333515
41.4  -0.00227548
41.6  -0.000720415
41.8  -0.00151685
42  -0.00248765
42.2  -0.00167289
42.4  -0.00342778
42.6  -0.00291662
42.8  -0.0026079
43  -0.00213108
43.2  -0.00192127
43.4  -0.00154981
43.6  -0.00124443
43.8  -0.00138474
44  -0.00106384
44.2  -0.00291151
44.4  -0.00174435
44.6  -0.00224605
44.8  -0.00350861
